# transform file /Users/athanasm/workspace/ggseg/atlases/ggsegShen/data-raw/shen_to_cvs.lta
# created by athanasm on Sat Apr 25 12:50:38 2026

type      = 0 # LINEAR_VOX_TO_VOX
nxforms   = 1
mean      = 0.0000 0.0000 0.0000
sigma     = 10000.0000
1 4 4
1.985354661941528e+00 2.460669353604317e-02 1.142948586493731e-02 3.604498672485352e+01 
3.678189218044281e-02 8.778154850006104e-03 -2.029170751571655e+00 2.171721649169922e+02 
-5.184565857052803e-02 2.018780231475830e+00 2.510515041649342e-02 1.992601966857910e+01 
0.000000000000000e+00 0.000000000000000e+00 0.000000000000000e+00 9.999999403953552e-01 
src volume info
valid = 1  # volume info valid
filename = /Users/athanasm/workspace/ggseg/atlases/ggsegShen/data-raw/shen_brain_mask.nii.gz
volume = 91 109 91
voxelsize = 2.000000000000000e+00 2.000000000000000e+00 2.000000000000000e+00
xras   = -1.000000000000000e+00 -0.000000000000000e+00 0.000000000000000e+00
yras   = -0.000000000000000e+00 1.000000000000000e+00 0.000000000000000e+00
zras   = -0.000000000000000e+00 -0.000000000000000e+00 1.000000000000000e+00
cras   = -1.000000000000000e+00 -1.700000000000000e+01 1.900000000000000e+01
dst volume info
valid = 1  # volume info valid
filename = /Users/athanasm/workspace/ggseg/atlases/ggsegShen/data-raw/cvs_brain_mask.nii.gz
volume = 256 256 256
voxelsize = 1.000000000000000e+00 1.000000000000000e+00 1.000000000000000e+00
xras   = -1.000000000000000e+00 0.000000000000000e+00 0.000000000000000e+00
yras   = 0.000000000000000e+00 0.000000000000000e+00 -1.000000000000000e+00
zras   = 0.000000000000000e+00 1.000000000000000e+00 0.000000000000000e+00
cras   = -1.000000000000000e+00 -1.700000000000000e+01 1.900000000000000e+01
subject unknown
